61764
61785
61799
61800
61804
61810
61812
61815
61859
61871
61872
61873
61877
61879
61880
61881
61883
61884
61885
61886
61887
61888
61889
61890
61892
61893
61894
61895
61896
61898
61899
61901
61905
61907
61908
61909
61911
61912
61916
61917
61918
61919
61920
61921
61922
61923
61924
61927
61929
61931
61932
61933
61934
61935
61936
61937
61938
61939
61940
61941
61942
61943
61945
61946
61947
61948
61949
61950
61951
61952
61953
61954
61955
61956
61957
61959
61963
61964
61968
61970
61971
71473
855249
855262
855264
855271
855272
855273
